//######################################################################################################################
//#MonsterSetBase: Arena
//######################################################################################################################
//#Section: #0(Npc) #1(Spot) #2(Monster Individual) #3(Invasion) #4(Events) 5#(Kanturu Monster)
//######################################################################################################################

0
//######################################################################################################################
//#Monster    #MapNumber    #Range     #PositionX     #PositionY   #Direction    #Comment
//######################################################################################################################
   200         06               6             63          160             1
end

1
//######################################################################################################################
//#Monster    #MapNumber    #Range      #BeginPosX     #BeginPosY     #EndPosX    #EndPosY      #Direction     #Quantity
//######################################################################################################################
64             06             3          052            114            052          114          -1             5             //Ogre Archer
64             06             3          039            114            039          114          -1             5             //Ogre Archer
64             06             3          024            114            024          114          -1             5             //Ogre Archer
93             06             3          071            114            071          114          -1             5             //Giant Ogre
93             06             3          089            114            089          114          -1             5             //Giant Ogre
351            06             3          070            098            070          098          -1             5             //Splinter Wolf
300            06             3          047            088            047          088          -1             5             //Hero Mutant
303            06             3          047            071            047          071          -1             5             //Gigas Golem
273            06             3          069            076            069          076          -1             5             //Necron
268            06             3          069            072            069          072          -1             5             //Death Angel
173            06             3          067            056            067          056          -1             5             //Chaos Castle
290            06             3          048            057            048          057          -1             5             //Lizard Warrior
75             06             3          048            038            048          038          -1             5             //Great Drakan
430            06             3          063            029            063          029          -1             5             //Dark Skull Soldier
433            06             3          030            039            030          039          -1             5             //Magic Skeleton
355            06             3          030            057            030          057          -1             5             //Kentauros
306            06             3          030            075            030          075          -1             5             //Death Rider
67             06             3          030            092            030          092          -1             5             //Metal Balrog
72             06             3          012            091            012          091          -1             5             //Phanton Knight
74             06             3          012            075            012          075          -1             5             //Alpha Crust
357            06             3          012            056            012          056          -1             5             //Genocider
360            06             3          012            039            012          039          -1             5             //Dread Fear
429            06             3          010            027            010          027          -1             5             //Chief Skeleton Archer
428            06             3          039            027            039          027          -1             5             //Chief Skeleton Warrior
337            06             3          009            008            009          008          -1             5             //Schriker
353            06             3          039            008            039          008          -1             5             //Satyros
432            06             3          084            012            084          012          -1             5             //Red Skeleton Knight
432            06             3          090            037            090          037          -1             5             //Red Skeleton Knight
356            06             3          090            056            090          056          -1             5             //Gigantis
200 	       06 	      6          063            160            063          160          -1             01             // Stadium SoccerBall
172 	       06 	      6          056            096            056          096          -1             20             // Stadium SoccerBall
173 	       06 	      6          067            063            067          067          -1             20             // Stadium SoccerBall
end

2
//######################################################################################################################
//#MonsterIndex #Range(0~30)  #CoordX(1~255) #CoordY(1~255) #Dir(0~8)
//######################################################################################################################
end