//Group Type    Level   Dur     Skill   Luck    Option  ExcOp	SetOp	JoH	OEx	Socket1	Socket2	Socket3	Socket4	Socket5 SocketBonus  Duration   Info
12	7	0	0	0	0	0	0    0         0		0	  255      255       255       255       255
12	8	0	0	0	0	0	0    0         0		0	  255      255       255       255       255
12	9	0	0	0	0	0	0    0         0		0	  255      255       255       255       255
12	10	0	0	0	0	0	0    0         0		0	  255      255       255       255       255
12	12	0	0	0	0	0	0    0         0		0	  255      255       255       255       255
12	14	0	0	0	0	0	0    0         0		0	  255      255       255       255       255
12	16	0	0	0	0	0	0    0         0		0	  255      255       255       255       255
12	17	0	0	0	0	0	0    0         0		0	  255      255       255       255       255
12	18	0	0	0	0	0	0    0         0		0	  255      255       255       255       255
12	19	0	0	0	0	0	0    0         0		0	  255      255       255       255       255
12	20	0	0	0	0	0	0    0         0		0	  255      255       255       255       255
12	21	0	0	0	0	0	0    0         0		0	  255      255       255       255       255
12	22	0	0	0	0	0	0    0         0		0	  255      255       255       255       255
12	23	0	0	0	0	0	0    0         0		0	  255      255       255       255       255
																									
15	8	0	0	0	0	0	0    0         0		0	  255      255       255       255       255
15	12	0	0	0	0	0	0    0         0		0	  255      255       255       255       255
15	14	0	0	0	0	0	0    0         0		0	  255      255       255       255       255
15	15	0	0	0	0	0	0    0         0		0	  255      255       255       255       255
15	16	0	0	0	0	0	0    0         0		0	  255      255       255       255       255
15	17	0	0	0	0	0	0    0         0		0	  255      255       255       255       255
15	8	0	0	0	0	0	0    0         0		0	  255      255       255       255       255
15	8	0	0	0	0	0	0    0         0		0	  255      255       255       255       255
																									
15	19	0	0	0	0	0	0    0         0		0	  255      255       255       255       255
15	20	0	0	0	0	0	0    0         0		0	  255      255       255       255       255
15	21	0	0	0	0	0	0    0         0		0	  255      255       255       255       255
15	23	0	0	0	0	0	0    0         0		0	  255      255       255       255       255
15	24	0	0	0	0	0	0    0         0		0	  255      255       255       255       255
15	26	0	0	0	0	0	0    0         0		0	  255      255       255       255       255
15	27	0	0	0	0	0	0    0         0		0	  255      255       255       255       255
15	28	0	0	0	0	0	0    0         0		0	  255      255       255       255       255
15	29	0	0	0	0	0	0    0         0		0	  255      255       255       255       255
15	30	0	0	0	0	0	0    0         0		0	  255      255       255       255       255
15	31	0	0	0	0	0	0    0         0		0	  255      255       255       255       255
15	32	0	0	0	0	0	0    0         0		0	  255      255       255       255       255
15	33	0	0	0	0	0	0    0         0		0	  255      255       255       255       255
15	34	0	0	0	0	0	0    0         0		0	  255      255       255       255       255
15	35	0	0	0	0	0	0    0         0		0	  255      255       255       255       255
15	36	0	0	0	0	0	0    0         0		0	  255      255       255       255       255
																									
12	44	0	0	0	0	0	0    0         0		0	  255      255       255       255       255
12	45	0	0	0	0	0	0    0         0		0	  255      255       255       255       255
12	46	0	0	0	0	0	0    0         0		0	  255      255       255       255       255
12	47	0	0	0	0	0	0    0         0		0	  255      255       255       255       255
12	48	0	0	0	0	0	0    0         0		0	  255      255       255       255       255
end                                                                                                 
